function [out] = Hbase_com(inp)

out = zeros(4,4);

out(1,1) = 1.0;
out(1,2) = 0;
out(1,3) = 0;
out(1,4) = 0.0066379999999952588041196577250957;

out(2,1) = 0;
out(2,2) = 1.0;
out(2,3) = 0;
out(2,4) = -0.00019599999999986295051712659187615;

out(3,1) = 0;
out(3,2) = 0;
out(3,3) = 1.0;
out(3,4) = 0.05454099999997197301127016544342;

out(4,1) = 0;
out(4,2) = 0;
out(4,3) = 0;
out(4,4) = 1.0;

end
