function [out] = Hbase_imu(inp)

out = zeros(2,4,4);

out(1,1,1) = 0.86602540378407866228371858596802;
out(1,1,2) = -0.5;
out(1,1,3) = -0.000000000000000061232339957279221655641939602547;
out(1,1,4) = 0.21252520761754567502066493034363;
out(1,2,1) = -0.5;
out(1,2,2) = -0.86602540378407866228371858596802;
out(1,2,3) = -0.00000000000000010605752387251388892361494776641;
out(1,2,4) = 0.00000045748234582532187886272367904894;
out(1,3,1) = 0;
out(1,3,2) = 0.00000000000000012246467991455844331128387920509;
out(1,3,3) = -1.0;
out(1,3,4) = -0.021000000000015006662579253315926;
out(1,4,1) = 0;
out(1,4,2) = 0;
out(1,4,3) = 0;
out(1,4,4) = 1.0;

out(2,1,1) = 0.86602540378407866228371858596802;
out(2,1,2) = 0.5;
out(2,1,3) = 0.000000000000000061232339957279221655641939602547;
out(2,1,4) = 0.21252520761754567502066493034363;
out(2,2,1) = 0.5;
out(2,2,2) = -0.86602540378407866228371858596802;
out(2,2,3) = -0.00000000000000010605752387251388892361494776641;
out(2,2,4) = -0.00000045748234582532187886272367904894;
out(2,3,1) = 0;
out(2,3,2) = 0.00000000000000012246467991455844331128387920509;
out(2,3,3) = -1.0;
out(2,3,4) = -0.021000000000015006662579253315926;
out(2,4,1) = 0;
out(2,4,2) = 0;
out(2,4,3) = 0;
out(2,4,4) = 1.0;

end
