function [out] = Hbase_out(inp)

out = zeros(2,4,4);

out(1,1,1) = 1.0;
out(1,1,2) = 0;
out(1,1,3) = 0;
out(1,1,4) = 0.18405200000006516347639262676239;
out(1,2,1) = 0;
out(1,2,2) = -1.0;
out(1,2,3) = -0.00000000000000012246467991455844331128387920509;
out(1,2,4) = 0.10626299999989896605256944894791;
out(1,3,1) = 0;
out(1,3,2) = 0.00000000000000012246467991455844331128387920509;
out(1,3,3) = -1.0;
out(1,3,4) = -0.021000000000015006662579253315926;
out(1,4,1) = 0;
out(1,4,2) = 0;
out(1,4,3) = 0;
out(1,4,4) = 1.0;

out(2,1,1) = 1.0;
out(2,1,2) = 0;
out(2,1,3) = 0;
out(2,1,4) = 0.18405200000006516347639262676239;
out(2,2,1) = 0;
out(2,2,2) = -1.0;
out(2,2,3) = -0.00000000000000012246467991455844331128387920509;
out(2,2,4) = -0.10626299999989896605256944894791;
out(2,3,1) = 0;
out(2,3,2) = 0.00000000000000012246467991455844331128387920509;
out(2,3,3) = -1.0;
out(2,3,4) = -0.021000000000015006662579253315926;
out(2,4,1) = 0;
out(2,4,2) = 0;
out(2,4,3) = 0;
out(2,4,4) = 1.0;

end
