function [out] = Hlleg_imu(inp)
qL1 = inp(1);
qL2 = inp(2);
qL3 = inp(3);
qL4 = inp(4);
qL5 = inp(5);
qL6 = inp(6);

out = zeros(7,4,4);

out(1,1,1) = 3.7493994566495150482567438726261e-33;
out(1,1,2) = 1.0;
out(1,1,3) = -0.000000000000000061232339957279221655641939602547;
out(1,1,4) = -0.0000000000000000022962127483992329895349263539842;
out(1,2,1) = -0.000000000000000061232339957279221655641939602547;
out(1,2,2) = 0.000000000000000061232339957279221655641939602547;
out(1,2,3) = 1.0;
out(1,2,4) = 0.037500000000022737367544323205948;
out(1,3,1) = 1.0;
out(1,3,2) = 0;
out(1,3,3) = 0.000000000000000061232339957279221655641939602547;
out(1,3,4) = 0.10005000000001018634065985679626;
out(1,4,1) = 0;
out(1,4,2) = 0;
out(1,4,3) = 0;
out(1,4,4) = 1.0;

out(2,1,1) = -1.0;
out(2,1,2) = -7.4987989132990300965134877452522e-33;
out(2,1,3) = -0.00000000000000012246467991455844331128387920509;
out(2,1,4) = 0;
out(2,2,1) = 0.00000000000000012246467991455844331128387920509;
out(2,2,2) = -0.000000000000000061232339957279221655641939602547;
out(2,2,3) = -1.0;
out(2,2,4) = 0;
out(2,3,1) = 0;
out(2,3,2) = -1.0;
out(2,3,3) = 0.000000000000000061232339957279221655641939602547;
out(2,3,4) = 0.13729999999986830516718327999115;
out(2,4,1) = 0;
out(2,4,2) = 0;
out(2,4,3) = 0;
out(2,4,4) = 1.0;

out(3,1,1) = -1.0;
out(3,1,2) = -7.4987989132990300965134877452522e-33;
out(3,1,3) = 0.00000000000000012246467991455844331128387920509;
out(3,1,4) = 1.5005096625545640588754731303073e-33;
out(3,2,1) = 0.00000000000000012246467991455844331128387920509;
out(3,2,2) = -0.000000000000000061232339957279221655641939602547;
out(3,2,3) = 1.0;
out(3,2,4) = 0.000000000000000012252591225465122990379476566858;
out(3,3,1) = 0;
out(3,3,2) = 1.0;
out(3,3,3) = 0.000000000000000061232339957279221655641939602547;
out(3,3,4) = -0.13729999999986830516718327999115;
out(3,4,1) = 0;
out(3,4,2) = 0;
out(3,4,3) = 0;
out(3,4,4) = 1.0;

out(4,1,1) = 0.000000000000000061232339957279221655641939602547;
out(4,1,2) = 1.0;
out(4,1,3) = 0.00000000000000012246467991455844331128387920509;
out(4,1,4) = 0.00000000000000001993112665612679936578517227369;
out(4,2,1) = 1.0;
out(4,2,2) = -0.000000000000000061232339957279221655641939602547;
out(4,2,3) = -7.4987989132990300965134877452522e-33;
out(4,2,4) = 0.32549999999991996446624398231506;
out(4,3,1) = 0;
out(4,3,2) = 0.00000000000000012246467991455844331128387920509;
out(4,3,3) = -1.0;
out(4,3,4) = 0.082550000000082945916801691055298;
out(4,4,1) = 0;
out(4,4,2) = 0;
out(4,4,3) = 0;
out(4,4,4) = 1.0;

out(5,1,1) = 0.000000000000000061232339957279221655641939602547;
out(5,1,2) = 1.0;
out(5,1,3) = 0;
out(5,1,4) = 0.00000000000000001993112665612679936578517227369;
out(5,2,1) = -1.0;
out(5,2,2) = 0.000000000000000061232339957279221655641939602547;
out(5,2,3) = 0;
out(5,2,4) = -0.32549999999991996446624398231506;
out(5,3,1) = 0;
out(5,3,2) = 0;
out(5,3,3) = 1.0;
out(5,3,4) = 0.082550000000082945916801691055298;
out(5,4,1) = 0;
out(5,4,2) = 0;
out(5,4,3) = 0;
out(5,4,4) = 1.0;

out(6,1,1) = 1.0;
out(6,1,2) = 0;
out(6,1,3) = 0;
out(6,1,4) = 0.32499999999981810105964541435242;
out(6,2,1) = 0;
out(6,2,2) = 1.0;
out(6,2,3) = 0;
out(6,2,4) = 0;
out(6,3,1) = 0;
out(6,3,2) = 0;
out(6,3,3) = 1.0;
out(6,3,4) = 0.019999999999981810105964541435242;
out(6,4,1) = 0;
out(6,4,2) = 0;
out(6,4,3) = 0;
out(6,4,4) = 1.0;

out(7,1,1) = 1.0;
out(7,1,2) = 0;
out(7,1,3) = 0;
out(7,1,4) = 0;
out(7,2,1) = 0;
out(7,2,2) = 0.000000000000000061232339957279221655641939602547;
out(7,2,3) = -1.0;
out(7,2,4) = 0.023000000000024556356947869062424;
out(7,3,1) = 0;
out(7,3,2) = 1.0;
out(7,3,3) = 0.000000000000000061232339957279221655641939602547;
out(7,3,4) = 0.10005000000001018634065985679626;
out(7,4,1) = 0;
out(7,4,2) = 0;
out(7,4,3) = 0;
out(7,4,4) = 1.0;

end
