function [out] = Hcpts(inp)

out = zeros(4,4,4);

out(1,1,1) = 1;
out(1,1,2) = 0;
out(1,1,3) = 0;
out(1,1,4) = -79/1000;
out(1,2,1) = 0;
out(1,2,2) = 1;
out(1,2,3) = 0;
out(1,2,4) = -7/100;
out(1,3,1) = 0;
out(1,3,2) = 0;
out(1,3,3) = 1;
out(1,3,4) = 0;
out(1,4,1) = 0;
out(1,4,2) = 0;
out(1,4,3) = 0;
out(1,4,4) = 1;

out(2,1,1) = 1;
out(2,1,2) = 0;
out(2,1,3) = 0;
out(2,1,4) = -79/1000;
out(2,2,1) = 0;
out(2,2,2) = 1;
out(2,2,3) = 0;
out(2,2,4) = 7/100;
out(2,3,1) = 0;
out(2,3,2) = 0;
out(2,3,3) = 1;
out(2,3,4) = 0;
out(2,4,1) = 0;
out(2,4,2) = 0;
out(2,4,3) = 0;
out(2,4,4) = 1;

out(3,1,1) = 1;
out(3,1,2) = 0;
out(3,1,3) = 0;
out(3,1,4) = 79/1000;
out(3,2,1) = 0;
out(3,2,2) = 1;
out(3,2,3) = 0;
out(3,2,4) = -7/100;
out(3,3,1) = 0;
out(3,3,2) = 0;
out(3,3,3) = 1;
out(3,3,4) = 0;
out(3,4,1) = 0;
out(3,4,2) = 0;
out(3,4,3) = 0;
out(3,4,4) = 1;

out(4,1,1) = 1;
out(4,1,2) = 0;
out(4,1,3) = 0;
out(4,1,4) = 79/1000;
out(4,2,1) = 0;
out(4,2,2) = 1;
out(4,2,3) = 0;
out(4,2,4) = 7/100;
out(4,3,1) = 0;
out(4,3,2) = 0;
out(4,3,3) = 1;
out(4,3,4) = 0;
out(4,4,1) = 0;
out(4,4,2) = 0;
out(4,4,3) = 0;
out(4,4,4) = 1;

end
