%% VERSION 2.3.

%look at the wiki to see, which exact dimensions are stored here
dim.L1  = 184.052e-3;
dim.L2  = 106.263e-3;
dim.L3  = 21e-3;
dim.L4  = 100.05e-3;
dim.L5  = 37.25e-3;
dim.L6  = 37.50e-3;
dim.L7  = 100.05e-3;
dim.L8  = 325.50e-3;
dim.L9  = 165.10e-3 / 2;
dim.L10 = 325.00e-3;
dim.L11 = 102.55e-3 - dim.L9;
dim.L12 = 100.05e-3;
dim.L13 = 23e-3;
dim.L14 = 33.05e-3;
dim.L15 = 119.175e-3;